# Source: GRAND white paper 3 years, 10k numerical values: Bustamante
# Data type: Upper limit
# Energy bins per decade: 1
# Column values:
# Energy [GeV]
# Flux [GeV cm^-2 s^-1 sr^-1]
# Flux band minimum
# Flux band maximum

4.81922965E+07  8.41513361E-08  0 0
6.76442311E+07  7.38147706E-08  0 0
9.49475816E+07  5.69225180E-08  0 0
1.33271428E+08  3.46647934E-08  0 0
1.87063990E+08  1.95651137E-08  0 0
2.62568931E+08  1.40651565E-08  0 0
3.68550053E+08  1.25782087E-08  0 0
5.17308507E+08  1.24621707E-08  0 0
7.26110577E+08  1.31123151E-08  0 0
1.01919176E+09  1.45812119E-08  0 0
1.43056979E+09  1.65528260E-08  0 0
2.00799298E+09  1.91930521E-08  0 0
2.81848244E+09  2.31554429E-08  0 0
3.95611107E+09  2.87477813E-08  0 0
5.55292259E+09  3.55164030E-08  0 0
7.79425772E+09  4.42563884E-08  0 0
1.09402666E+10  5.63965197E-08  0 0
1.53561041E+10  7.45183330E-08  0 0
2.15543132E+10  1.01159657E-07  0 0
3.02543155E+10  1.39040439E-07  0 0
4.24659139E+10  1.98526677E-07  0 0
5.96064994E+10  2.61742251E-07  0 0
8.36655673E+10  3.40870828E-07  0 0
1.17435636E+11  4.82745531E-07  0 0
1.64836371E+11  6.55876763E-07  0 0
2.31369543E+11  9.07706655E-07  0 0
3.24757606E+11  1.67125879E-06  0 0
4.55840043E+11  1.76142511E-05  0 0
6.39831498E+11  2.55022320E-04  0 0
8.98087721E+11  1.88371074E-03  0 0
1.26058432E+12  6.71431813E-03  0 0
1.76939601E+12  1.14286198E-02  0 0
2.48358019E+12  1.14294614E-02  0 0
3.48603168E+12  1.72447830E-02  0 0
4.89310428E+12  7.48579143E-02  0 0
6.86811588E+12  3.31883351E-01  0 0
9.64030461E+12  8.57786094E-01  0 0
1.35314364E+13  1.24824516E+00  0 0
1.89931519E+13  1.42294586E+00  0 0
2.66593886E+13  1.80135089E+00  0 0 
