# Source: GRAND white paper 3 years, 200k numerical values: Bustamante
# Data type: Upper limit
# Energy bins per decade: 1
# Column values:
# Energy [GeV]
# Flux [GeV cm^-2 s^-1 sr^-1]
# Flux band minimum
# Flux band maximum

4.81922965E+07  4.26219753E-09  0 0
6.76442311E+07  3.58147708E-09  0 0
9.49475816E+07  2.75670137E-09  0 0
1.33271428E+08  1.85254042E-09  0 0
1.87063990E+08  1.13825106E-09  0 0
2.62568931E+08  7.70141315E-10  0 0
3.68550053E+08  6.51758930E-10  0 0
5.17308507E+08  6.35878242E-10  0 0
7.26110577E+08  6.69261628E-10  0 0
1.01919176E+09  7.37439217E-10  0 0
1.43056979E+09  8.38784832E-10  0 0
2.00799298E+09  9.81688683E-10  0 0
2.81848244E+09  1.18493794E-09  0 0
3.95611107E+09  1.45699379E-09  0 0
5.55292259E+09  1.80867621E-09  0 0
7.79425772E+09  2.26948852E-09  0 0
1.09402666E+10  2.91952068E-09  0 0
1.53561041E+10  3.86790849E-09  0 0
2.15543132E+10  5.24530715E-09  0 0
3.02543155E+10  7.31211288E-09  0 0
4.24659139E+10  9.98848945E-09  0 0
5.96064994E+10  1.33523293E-08  0 0
8.36655673E+10  1.80893102E-08  0 0
1.17435636E+11  2.46582187E-08  0 0
1.64836371E+11  3.41054825E-08  0 0
2.31369543E+11  5.39140368E-08  0 0
3.24757606E+11  3.36553610E-07  0 0
4.55840043E+11  4.57179717E-06  0 0
6.39831498E+11  3.59391218E-05  0 0
8.98087721E+11  1.47550853E-04  0 0
1.26058432E+12  3.33777479E-04  0 0
1.76939601E+12  4.92873322E-04  0 0
2.48358019E+12  6.68381070E-04  0 0
3.48603168E+12  1.72553598E-03  0 0
4.89310428E+12  7.06643413E-03  0 0
6.86811588E+12  2.10754560E-02  0 0
9.64030461E+12  4.06319101E-02  0 0
1.35314364E+13  5.88162853E-02  0 0
1.89931519E+13  7.45423652E-02  0 0
2.66593886E+13  8.83700084E-02  0 0
