# Source: IceCube Gen2 Whitepaper 5 years  
# Data type: Upper limit
# Energy bins per decade: 1
# Column values:
# Energy [GeV]
# Flux [GeV cm^-2 s^-1 sr^-1]
# Flux band minimum
# Flux band maximum

1.04811313E+07  4.31746055E-09  0 0
1.32571137E+07  3.35020540E-09  0 0
1.67683294E+07  3.05749445E-09  0 0
2.12095089E+07  2.03012634E-09  0 0
2.68269580E+07  1.63506056E-09  0 0
3.39322177E+07  1.40330116E-09  0 0
4.29193426E+07  1.15462951E-09  0 0
5.42867544E+07  9.20314379E-10  0 0
6.86648845E+07  8.30543484E-10  0 0
8.68511374E+07  7.39576420E-10  0 0
1.09854114E+08  6.62805773E-10  0 0
1.38949549E+08  6.53304354E-10  0 0
1.75751062E+08  5.41809080E-10  0 0
2.22299648E+08  5.34471053E-10  0 0
2.81176870E+08  5.23081048E-10  0 0
3.55648031E+08  5.20402393E-10  0 0
4.49843267E+08  5.02987613E-10  0 0
5.68986603E+08  5.15328224E-10  0 0
7.19685673E+08  5.07092113E-10  0 0
9.10298178E+08  5.21866877E-10  0 0
1.15139540E+09  5.30937694E-10  0 0
1.45634848E+09  5.38624813E-10  0 0
1.84206997E+09  5.66520488E-10  0 0
2.32995181E+09  5.71916762E-10  0 0
2.94705170E+09  5.93193816E-10  0 0
3.72759372E+09  6.19149497E-10  0 0
4.71486636E+09  6.54847181E-10  0 0
5.96362332E+09  6.78492966E-10  0 0
7.54312006E+09  7.15178112E-10  0 0
9.54095476E+09  7.64935941E-10  0 0
1.20679264E+10  8.08811879E-10  0 0
1.52641797E+10  8.58068389E-10  0 0
1.93069773E+10  9.13675213E-10  0 0
2.44205309E+10  9.87276891E-10  0 0
3.08884360E+10  1.06320301E-09  0 0
3.90693994E+10  1.15183347E-09  0 0
4.94171336E+10  1.25627989E-09  0 0
6.25055193E+10  1.36100197E-09  0 0
7.90604321E+10  1.49171667E-09  0 0
