# Source: PUEO 100 days, 2020 PUEO whitepaper
# Data type: Upper limit
# Energy bins per decade: 1
# Column values:
# Energy [eV]
# Flux [cm^-2 s^-1 sr^-1]
# Flux band minimum
# Flux band maximum

1.00000E+17  4.21982E-14  0 0
1.20226E+17  2.31759E-14  0 0
1.44544E+17  1.30090E-14  0 0
1.73780E+17  7.47003E-15  0 0
2.08930E+17  4.39215E-15  0 0
2.51189E+17  2.64677E-15  0 0
3.01995E+17  1.63624E-15  0 0
3.63078E+17  1.01555E-15  0 0
4.36516E+17  6.09231E-16  0 0
5.24807E+17  2.97192E-16  0 0
6.30957E+17  1.18188E-16  0 0
7.58578E+17  4.52252E-17  0 0
9.12011E+17  1.90812E-17  0 0
1.09648E+18  9.29791E-18  0 0
1.31826E+18  5.23510E-18  0 0
1.58489E+18  3.35084E-18  0 0
1.90546E+18  2.39623E-18  0 0
2.29087E+18  1.85602E-18  0 0
2.75423E+18  1.50987E-18  0 0
3.31131E+18  1.25301E-18  0 0
3.98107E+18  1.04145E-18  0 0
4.78630E+18  8.64291E-19  0 0
5.75440E+18  7.16919E-19  0 0
6.91831E+18  5.95108E-19  0 0
8.31764E+18  4.94998E-19  0 0
1.00000E+19  4.13032E-19  0 0
1.20226E+19  3.45836E-19  0 0
1.44544E+19  2.90128E-19  0 0
1.73780E+19  2.43296E-19  0 0
2.08930E+19  2.03470E-19  0 0
2.51189E+19  1.69162E-19  0 0
3.01995E+19  1.39515E-19  0 0
3.63078E+19  1.13998E-19  0 0
4.36516E+19  9.25076E-20  0 0
5.24807E+19  7.48999E-20  0 0
6.30957E+19  6.07923E-20  0 0
7.58578E+19  4.96923E-20  0 0
9.12011E+19  4.11715E-20  0 0
1.09648E+20  3.47034E-20  0 0
1.31826E+20  2.97864E-20  0 0
1.58489E+20  2.59794E-20  0 0
1.90546E+20  2.29726E-20  0 0
2.29087E+20  2.05485E-20  0 0
2.75423E+20  1.85510E-20  0 0
3.31131E+20  1.68902E-20  0 0
3.98107E+20  1.54445E-20  0 0
4.78630E+20  1.41515E-20  0 0
5.75440E+20  1.29641E-20  0 0
6.91831E+20  1.18471E-20  0 0
8.31764E+20  1.07753E-20  0 0
1.00000E+21  9.73213E-21  0 0
