# Source: PUEO 30 days, 2020 PUEO whitepaper
# Data type: Upper limit
# Energy bins per decade: 1
# Column values:
# Energy [eV]
# Flux [cm^-2 s^-1 sr^-1]
# Flux band minimum
# Flux band maximum

1.00000E+17  1.40661E-13  0 0
1.20226E+17  7.72532E-14  0 0
1.44544E+17  4.33634E-14  0 0
1.73780E+17  2.49001E-14  0 0
2.08930E+17  1.46405E-14  0 0
2.51189E+17  8.82258E-15  0 0
3.01995E+17  5.45414E-15  0 0
3.63078E+17  3.38518E-15  0 0
4.36516E+17  2.03077E-15  0 0
5.24807E+17  9.90641E-16  0 0
6.30957E+17  3.93959E-16  0 0
7.58578E+17  1.50751E-16  0 0
9.12011E+17  6.36039E-17  0 0
1.09648E+18  3.09930E-17  0 0
1.31826E+18  1.74503E-17  0 0
1.58489E+18  1.11695E-17  0 0
1.90546E+18  7.98744E-18  0 0
2.29087E+18  6.18675E-18  0 0
2.75423E+18  5.03289E-18  0 0
3.31131E+18  4.17669E-18  0 0
3.98107E+18  3.47150E-18  0 0
4.78630E+18  2.88097E-18  0 0
5.75440E+18  2.38973E-18  0 0
6.91831E+18  1.98369E-18  0 0
8.31764E+18  1.64999E-18  0 0
1.00000E+19  1.37677E-18  0 0
1.20226E+19  1.15279E-18  0 0
1.44544E+19  9.67092E-19  0 0
1.73780E+19  8.10987E-19  0 0
2.08930E+19  6.78235E-19  0 0
2.51189E+19  5.63874E-19  0 0
3.01995E+19  4.65052E-19  0 0
3.63078E+19  3.79995E-19  0 0
4.36516E+19  3.08359E-19  0 0
5.24807E+19  2.49666E-19  0 0
6.30957E+19  2.02641E-19  0 0
7.58578E+19  1.65641E-19  0 0
9.12011E+19  1.37238E-19  0 0
1.09648E+20  1.15678E-19  0 0
1.31826E+20  9.92882E-20  0 0
1.58489E+20  8.65980E-20  0 0
1.90546E+20  7.65754E-20  0 0
2.29087E+20  6.84952E-20  0 0
2.75423E+20  6.18367E-20  0 0
3.31131E+20  5.63007E-20  0 0
3.98107E+20  5.14816E-20  0 0
4.78630E+20  4.71717E-20  0 0
5.75440E+20  4.32138E-20  0 0
6.91831E+20  3.94904E-20  0 0
8.31764E+20  3.59175E-20  0 0
1.00000E+21  3.24404E-20  0 0
